 uAu: 470.27	 uBu: 1.01235	1.01478	1.01478	1.01481	
voltage: 4.16363	6.69852	-0.263661	-7.25239	-0.264265	-7.25211	-9.20622	7.43908	
